name = 
time = 2004-10-20 06:59:16.000
latitude = 53.039
longitude = 9.537
depth = 6000
catalog = SED
mnn = -1.12824e+15
mee = -1.71783e+15
mdd = 2.84606e+15
mne = -1.79929e+15
mnd = 1.67507e+14
med = -1.55118e+15
strike1 = 120.305
dip1 = 38.6815
rake1 = 57.9822
strike2 = 339
dip2 = 58
rake2 = 113
