name = R
time = 2013-10-01 03:32:45.000
latitude = 40.4
longitude = 0.72
magnitude = 4.3
moment = 3.16228e+15
depth = 2000
mnn = -1.68735e+15
mee = 1.85233e+15
mdd = -1.6498e+14
mne = 4.21678e+14
mnd = -2.45679e+15
med = -1.97059e+15
strike1 = 129.599
dip1 = 88.5005
rake1 = -119.966
strike2 = 37
dip2 = 30
rake2 = -3
