name = 
time = 2011-11-01 18:23:42.000
latitude = 38.864
longitude = -8.238
depth = 5000
mnn = -2.91481e+09
mee = -1.18596e+10
mdd = 1.47744e+10
mne = 1.04004e+10
mnd = 8.12865e+09
med = 1.7441e+09
strike1 = 58
dip1 = 56
rake1 = 123
strike2 = 188.731
dip2 = 45.9497
rake2 = 51.0805
