name = 'Doctar'
time = 2011-11-01 18:23:42.000
latitude = 38.864
longitude = -8.238
depth = 5000
mnn = -1.7213e+11
mee = -7.00354e+11
mdd = 8.72484e+11
mne = 6.14179e+11
mnd = 4.80026e+11
med = 1.02995e+11
strike1 = 58
dip1 = 56
rake1 = 123
strike2 = 188.731
dip2 = 45.9497
rake2 = 51.0805
