name = R
time = 2013-10-01 03:32:45.000
latitude = 40.4
longitude = 0.72
magnitude = 4.3
moment = 3.16228e+15
depth = 2000
mnn = -1.25791e+15
mee = 2.11856e+15
mdd = -8.60652e+14
mne = -1.00101e+15
mnd = -1.42322e+15
med = -2.61081e+15
strike1 = 54
dip1 = 33
rake1 = -15
strike2 = 156.665
dip2 = 81.8964
rake2 = -122.099
