name = R
time = 2013-10-01 03:32:45.000
latitude = 40.4
longitude = 0.72
magnitude = 4.3
moment = 3.16228e+15
depth = 2000
mnn = -1.92027e+15
mee = 2.53358e+15
mdd = -6.13304e+14
mne = -7.42818e+13
mnd = -1.9969e+15
med = -2.00379e+15
strike1 = 139.91
dip1 = 83.8629
rake1 = -127.575
strike2 = 42
dip2 = 38
rake2 = -10
